model_file ./e_coli_core.cmd 
  model_world
    grid_size 4 4
    world_media
      ac_e 0.0
      acald_e 0.0
      akg_e 0.0
      co2_e 1000.0
      etoh_e 0.0
      for_e 0.0
      fru_e 0.0
      fum_e 0.0
      glc__D_e 0.0
      gln__L_e 0.0
      glu__L_e 0.0
      h2o_e 1000.0
      h_e 1000.0
      lac__D_e 0.0
      mal__L_e 0.0
      nh4_e 1000.0
      o2_e 1000.0
      pi_e 1000.0
      pyr_e 0.0
      succ_e 0.0
    //
    diffusion_constants 5e-06
      0 5e-06
      1 5e-06
      2 5e-06
      3 5e-06
      4 5e-06
      5 5e-06
      6 5e-06
      7 5e-06
      8 5e-06
      9 5e-06
      10 5e-06
      11 5e-06
      12 5e-06
      13 5e-06
      14 5e-06
      15 5e-06
      16 5e-06
      17 5e-06
      18 5e-06
      19 5e-06
    //
    media
      0 0 0 0 0 0 0 0 0 0 1.0 0 0 0 0 0 0 0 0 0 0 0
      1 0 0 0 0 0 0 0 0 0 1.0 0 0 0 0 0 0 0 0 0 0 0
      2 0 0 0 0 0 0 0 0 0 1.0 0 0 0 0 0 0 0 0 0 0 0
      3 0 0 0 0 0 0 0 0 0 1.0 0 0 0 0 0 0 0 0 0 0 0
      0 1 0 0 0 0 0 0 0 0 7.333333333333333 0 0 0 0 0 0 0 0 0 0 0
      1 1 0 0 0 0 0 0 0 0 7.333333333333333 0 0 0 0 0 0 0 0 0 0 0
      2 1 0 0 0 0 0 0 0 0 7.333333333333333 0 0 0 0 0 0 0 0 0 0 0
      3 1 0 0 0 0 0 0 0 0 7.333333333333333 0 0 0 0 0 0 0 0 0 0 0
      0 2 0 0 0 0 0 0 0 0 13.666666666666666 0 0 0 0 0 0 0 0 0 0 0
      1 2 0 0 0 0 0 0 0 0 13.666666666666666 0 0 0 0 0 0 0 0 0 0 0
      2 2 0 0 0 0 0 0 0 0 13.666666666666666 0 0 0 0 0 0 0 0 0 0 0
      3 2 0 0 0 0 0 0 0 0 13.666666666666666 0 0 0 0 0 0 0 0 0 0 0
      0 3 0 0 0 0 0 0 0 0 20.0 0 0 0 0 0 0 0 0 0 0 0
      1 3 0 0 0 0 0 0 0 0 20.0 0 0 0 0 0 0 0 0 0 0 0
      2 3 0 0 0 0 0 0 0 0 20.0 0 0 0 0 0 0 0 0 0 0 0
      3 3 0 0 0 0 0 0 0 0 20.0 0 0 0 0 0 0 0 0 0 0 0
    //
    static_media 0 0 0 0 0 0 1 1000 0 0 0 0 0 0 0 0 0 0 0 0 0 0 1 1000 1 1000 0 0 0 0 1 1000 1 1000 1 1000 0 0 0 0
    //
  //
  initial_pop
    2 0 0.05
  //
//
