0	5E-2
1	4.9999999993E-2
2	5.0270803008E-2
3	5.0543073486E-2
4	5.0816818862E-2
5	5.1092047023E-2
6	5.1368765917E-2
7	5.1646983587E-2
8	5.1926708134E-2
9	5.220794771E-2
10	5.2490710514E-2
11	5.2775004792E-2
12	5.3060838836E-2
13	5.3348220983E-2
14	5.3637159617E-2
15	5.3927663167E-2
16	5.4219740107E-2
17	5.4513398959E-2
18	5.480864829E-2
19	5.5105496712E-2
20	5.5403952888E-2
21	5.5704025523E-2
22	5.6005723371E-2
23	5.6309055236E-2
24	5.6614029965E-2
25	5.6920656484E-2
26	5.7228943714E-2
27	5.753890065E-2
28	5.7850536386E-2
29	5.8163859969E-2
30	5.8478880539E-2
31	5.8795607289E-2
32	5.9114049459E-2
33	5.9434216339E-2
34	5.9756117271E-2
35	6.0079761646E-2
36	6.0405158908E-2
37	6.073231855E-2
38	6.1061250117E-2
39	6.1391963206E-2
40	6.1724467466E-2
